6

0 12 18 25 30 35
12 0 15 22 28 32
18 15 0 20 24 29
25 22 20 0 16 21
30 28 24 16 0 14
35 32 29 21 14 0

0 80 90 100 70 60
80 0 40 50 85 75
90 40 0 30 95 65
100 50 30 0 45 55
70 85 95 45 0 25
60 75 65 55 25 0
