10
0 21 34 45 56 67 78 89 12 23
21 0 27 38 49 50 61 72 83 94
34 27 0 14 25 36 47 58 69 80
45 38 14 0 11 22 33 44 55 66
56 49 25 11 0 13 24 35 46 57
67 50 36 22 13 0 15 26 37 48
78 61 47 33 24 15 0 16 27 38
89 72 58 44 35 26 16 0 17 28
12 83 69 55 46 37 27 17 0 19
23 94 80 66 57 48 38 28 19 0
0 100 200 50 300 25 175 225 325 400
100 0 80 120 60 140 20 90 210 230
200 80 0 55 65 85 95 105 115 125
50 120 55 0 135 145 155 165 175 185
300 60 65 135 0 70 95 85 75 65
25 140 85 145 70 0 115 125 135 145
175 20 95 155 95 115 0 30 45 55
225 90 105 165 85 125 30 0 95 105
325 210 115 175 75 135 45 95 0 250
400 230 125 185 65 145 55 105 250 0
