8
0 22 53 38 72 10 44 56
22 0 65 24 15 33 48 59
53 65 0 41 28 77 36 19
38 24 41 0 60 49 27 34
72 15 28 60 0 17 55 46
10 33 77 49 17 0 31 63
44 48 36 27 55 31 0 20
56 59 19 34 46 63 20 0
0 130 45 60 90 110 25 140
130 0 55 75 95 85 40 120
45 55 0 150 70 60 80 30
60 75 150 0 35 95 85 65
90 95 70 35 0 115 125 55
110 85 60 95 115 0 105 100
25 40 80 85 125 105 0 50
140 120 30 65 55 100 50 0
